256 64 22 1 74|9|0|65 5|768|256|0|0|0|0|0|0|0|256|256 Airport-1Story-64x22
256 41 24 1 78|35|78|69 5|512|256|0|0|0|0|5|512|256|512|307 Airport-2Story-41x24
256 40 40 1 72|35|72|63 5|512|512|0|0|0|0|5|512|512|512|512 Airport-2Story-40x40
256 46 20 1 70|10|71|61 5|512|256|0|0|0|0|5|560|256|256|256 Airport-2Story-46x20
256 72 28 1 70|9|70|61 10|1024|256|0|0|0|0|5|1024|256|256|256 Airport-2Story-72x28
256 114 30 1 72|35|0|63 5|1472|384|5|2816|128|768|0|0|0|1459|384 Airport-2Story-114x30
256 51 37 1 67|11|67|59 5|640|512|5|896|84|640|5|640|468|256|256 Airport-3Story-51x37
258 33 31 1 8|19|0|57 5|512|512|0|0|0|0|0|0|0|2749|1439|5|1057|32|256 Apartment,British-33x31
256 48 48 1 24|15|24|48 5|512|512|0|0|0|0|5|596|596|256|256 Apartment,Default-48x48
258 43 42 1 22|19|0|57 5|512|512|0|0|0|0|0|0|0|3666|1882|5|1057|32|256 Apartment,German-43x42
256 46 14 1 83|9|0|57 5|512|256|0|0|0|0|0|0|0|256|256 Bank-1Story-46x14
256 44 21 1 82|9|0|57 5|512|256|0|0|0|0|0|0|0|256|256 Bank-1Story-Brick-44x21
256 51 50 1 82|10|82|74 5|512|512|60|768|1024|768|5|640|640|256|256 Bank-9Story-Red-51x50
256 51 20 1 31|15|0|48 5|512|256|0|0|0|0|0|0|0|256|256 Government-1Story-51x20
256 31 30 1 33|9|30|67 10|256|256|0|0|0|0|5|256|256|256|256 Government-2Story-Yellow-31x30
256 51 50 1 31|9|31|26 5|512|512|25|1280|640|1280|5|512|512|256|256 Government-6Story-Yellow-51x50
256 50 31 1 33|10|30|27 5|512|256|125|1280|3200|768|5|512|256|256|256 Government-25Story-Yellow-50x31
256 51 30 1 31|9|31|26 5|512|256|110|1280|2816|768|5|512|256|256|256 Government-25Story-Yellow-51x30
256 50 35 1 126|37|0|107 8|448|64|0|448|256|64|0|0|0|3251|1395 T126-Hangar,Large-50x35
258 50 35 1 132|37|0|110 6|256|128|0|256|256|128|0|0|0|3251|1395|2|1110|256|128 T132-Hangar,Large-50x35
258 50 35 1 138|37|0|113 6|192|128|0|256|256|128|0|0|0|3251|1395|2|1113|256|128 T138-Hangar,Large-50x35
258 50 35 1 144|37|0|116 8|256|128|2|256|256|128|0|0|0|3251|1395|2|1116|256|128 T144-Hangar,Large-50x35
256 50 35 1 151|37|0|119 8|128|128|2|128|256|128|0|128|128|3251|1395 T151-Hangar,Large-50x35
256 255 109 1 126|35|0|107 20|768|384|10|768|256|384|0|0|0|3251|1395 Hangar,Large-FlatRoof-255x109
258 50 35 1 124|37|0|106 8|128|64|2|128|256|64|0|0|0|3251|1395|2|1106|256|64 T124-Hangar,Medium-50x35
258 70 35 1 130|37|0|109 6|256|128|2|256|256|128|0|0|0|3251|1395|2|1109|256|128 T130-Hangar,Medium-70x35
258 70 35 1 136|37|0|112 6|192|128|0|256|256|128|0|0|0|3251|1395|2|1112|256|128 T136-Hangar,Medium-70x35
258 70 35 1 142|37|0|115 8|320|128|2|256|256|128|0|0|0|3251|1395|2|1115|256|128 T142-Hangar,Medium-70x35
258 70 35 1 148|37|0|118 8|320|128|2|256|256|128|0|0|0|3251|1395|2|1118|256|128 T148-Hangar,Medium-70x35
256 50 30 1 124|35|0|106 20|128|128|0|0|0|0|0|0|0|640|384 Hangar,Medium-FlatRoof-1door-50x30
256 104 70 1 124|35|0|106 20|384|256|0|0|0|0|0|0|0|1331|896 Hangar,Medium-FlatRoof-2door-104x70
258 44 20 1 130|37|0|109 5|128|64|0|0|0|0|0|0|0|3753|1884|2|1109|256|64 Hangar,Medium-Box-RidgeRoof-2door-44x20
258 66 24 1 130|37|0|109 5|192|64|0|0|0|0|0|0|0|5631|2821|2|1109|256|64 Hangar,Medium-Box-RidgeRoof-3door-66x24
258 80 21 1 130|37|0|109 5|256|64|0|0|0|0|0|0|0|6819|3414|2|1109|256|64 Hangar,Medium-Box-RidgeRoof-4door-80x21
258 100 20 1 130|37|0|109 5|320|64|0|0|0|0|0|0|0|8531|4269|2|1109|256|64 Hangar,Medium-Box-RidgeRoof-5door-100x20
258 120 20 1 130|37|0|109 5|384|64|0|0|0|0|0|0|0|10237|5121|2|1109|256|64 Hangar,Medium-Box-RidgeRoof-6door-120x20
258 150 24 1 130|37|0|109 5|448|64|0|0|0|0|0|0|0|12798|6401|2|1109|256|64 Hangar,Medium-Box-RidgeRoof-7door-150x24
258 155 33 1 130|37|0|109 5|512|128|0|0|0|0|0|0|0|13212|6608|2|1109|256|128 Hangar,Medium-Box-RidgeRoof-8door-155x33
258 35 19 1 142|37|0|115 10|128|64|0|0|0|0|0|0|0|2912|1466|2|1115|256|64 Hangar,Medium-RidgeRoof-35x19
258 31 30 1 142|37|0|115 10|64|64|0|0|0|0|0|0|0|2560|1291|2|1115|256|64 Hangar,Medium-RidgeRoof-31x30
258 42 41 1 142|37|0|115 10|128|128|0|0|0|0|0|0|0|3506|1804|5|1115|512|128 Hangar,Medium-RidgeRoof-42x41
258 40 17 1 148|37|0|118 10|128|64|0|0|0|0|0|0|0|3409|1713|2|1118|256|64 Hangar,Medium-RidgeRoof-40x17
258 41 40 1 148|37|0|118 10|128|128|0|0|0|0|0|0|0|3417|1717|2|1118|256|128 Hangar,Medium-RidgeRoof-41x40
258 43 21 1 148|37|0|118 10|128|64|0|0|0|0|0|0|0|3664|1840|2|1118|256|64 Hangar,Medium-RidgeRoof-43x21
258 50 30 1 148|37|0|118 10|128|64|0|0|0|0|0|0|0|4264|2138|2|1118|256|64 Hangar,Medium-RidgeRoof-50x30
258 63 28 1 148|37|0|118 10|192|64|0|0|0|0|0|0|0|5291|2651|2|1118|256|64 Hangar,Medium-RidgeRoof-63x28
258 65 63 1 148|37|0|118 10|192|192|0|0|0|0|0|0|0|5514|2821|7|1118|768|192 Hangar,Medium-RidgeRoof-65x63
258 90 33 1 148|37|0|118 10|256|128|0|0|0|0|0|0|0|7678|3843|2|1118|256|128 Hangar,Medium-RidgeRoof-90x30
258 121 30 1 148|37|0|118 10|384|64|0|0|0|0|0|0|0|10242|5123|2|1118|256|64 Hangar,Medium-RidgeRoof-121x30
258 72 16 1 136|37|0|112 5|256|64|0|0|0|0|0|0|0|6067|3038|2|1112|256|64 Hangar,Medium-RidgeRoof-72x16
258 50 35 1 123|37|0|105 8|128|64|2|128|256|64|0|0|0|3251|1395|2|1105|256|64 T123-Hangar,Small-50x35
258 70 35 1 128|37|0|108 4|256|128|2|256|256|128|0|0|0|3251|1395|2|1108|256|128 T128-Hangar,Small-50x35
258 70 35 1 134|37|0|111 4|256|128|2|256|256|128|0|0|0|3251|1395|2|1111|256|128 T134-Hangar,Small-50x35
258 50 35 1 141|37|141|114 5|192|64|0|256|256|64|0|64|64|3251|1395|2|1114|256|64 T141-Hangar,Small-50x35
258 50 35 1 147|37|0|117 5|320|64|2|320|256|64|0|0|0|3251|1395|2|1117|256|64 T147-Hangar,Small-50x35
258 77 16 1 128|37|0|108 5|256|64|0|0|0|0|0|0|0|6485|3247|2|1108|256|64 Hangar,Small-Box-RidgeRoof-3door-77x16
258 21 16 1 140|37|0|114 10|64|64|0|0|0|0|0|0|0|1707|870|2|1114|256|64 Hangar,Small-RidgeRoof-21x16
258 21 20 1 146|37|0|117 10|64|64|0|0|0|0|0|0|0|1707|870|2|1117|256|64 Hangar,Small-RidgeRoof-21x20
258 31 20 1 140|37|0|114 10|64|64|0|0|0|0|0|0|0|2560|1291|2|1114|256|64 Hangar,Small-RidgeRoof-31x20
258 51 22 1 140|37|0|114 10|128|64|0|0|0|0|0|0|0|4267|2140|2|1114|256|64 Hangar,Small-RidgeRoof-51x22
258 93 30 1 140|37|0|114 10|320|64|0|0|0|0|0|0|0|7884|3946|2|1114|256|64 Hangar,Small-RidgeRoof-93x30
256 23 16 1 0|9|0|57 0|0|0|5|128|32|128|0|0|0|256|256 Office-1Story-MidGray-23x16
256 39 24 1 0|15|0|48 0|0|0|5|512|64|320|0|0|0|256|256 Office-1Story-MidGray-39x24
256 64 28 1 0|10|0|81 0|0|0|5|1600|128|704|0|0|0|256|256 Office-1Story-MidGray-64x28
256 37 20 1 62|33|0|56 5|460|256|0|0|0|0|0|0|0|256|256 Office-1Story-Tan-37x20
256 40 31 1 0|33|0|56 0|0|0|5|512|64|356|0|0|0|256|256 Office-1Story-Tan-40x31
256 23 22 1 67|9|0|57 5|256|256|0|0|0|0|0|0|0|256|256 Office-1Story-White-23x22
256 43 14 1 0|9|0|57 0|0|0|5|256|32|128|0|0|0|256|256 Office-1Story-White-43x14
256 52 29 1 66|9|0|61 5|768|256|0|0|0|0|0|0|0|256|256 Office-1Story-White-52x29
256 50 20 1 0|10|0|81 0|0|0|10|1280|256|512|0|0|0|256|256 Office-2Story-MidGray-50x20
256 40 21 1 0|14|0|53 0|0|0|10|680|168|340|0|0|0|256|256 Office-2Story-Red-40x21
256 26 22 1 66|9|66|58 5|256|256|0|0|0|0|5|340|256|256|256 Office-2Story-White-26x22
257 37 36 1 66|7|0|57 5|512|512|5|256|32|256|0|0|0|256|256|5|256 Office-2Story-PeakedRoof-White-37x36
256 121 70 1 57|11|57|82 5|1536|896|5|1536|64|896|5|1536|896|256|256 Office-3Story-MidGray-121x70
256 50 20 1 56|27|56|80 5|640|256|35|640|448|256|5|640|256|256|256 Office-8Story-MidGray-50x20
256 50 40 1 69|11|69|59 5|640|512|50|896|852|640|5|652|512|256|256 Office-12Story-White-50x40
256 51 50 1 66|10|66|58 5|512|512|55|320|352|320|5|680|680|256|256 Office-12Story-White-51x50
256 50 31 1 64|32|64|55 5|512|256|75|652|960|396|5|640|384|256|256 Office-15Story-Tan-50x31
256 51 50 1 53|29|53|45 5|640|640|80|640|1024|640|5|640|640|256|256 Office-17Story-LtGray-51x50
256 50 35 1 56|27|56|80 5|640|424|75|640|960|424|5|640|424|256|256 Office-17Story-MidGray-50x35
256 51 40 1 56|27|56|80 5|640|512|100|640|1280|512|5|640|512|256|256 Office-20Story-MidGray-51x40
256 51 50 1 63|31|63|54 5|640|640|80|256|408|256|5|640|640|256|256 Office-20Story-Tan-51x50
256 51 50 1 54|9|54|50 5|640|640|100|1280|2560|1280|5|640|640|256|256 Office-25Story-MidGray-51x50
256 50 31 1 68|12|68|84 5|640|384|110|256|400|256|5|640|384|256|256 Office-25Story-White-50x30
256 51 50 1 63|33|63|56 5|640|640|120|612|1536|612|5|640|640|256|256 Office-30Story-Tan-51x50
256 50 30 1 58|12|58|51 5|640|384|115|612|1472|356|5|640|384|256|256 Office-35Story-Red-50x30
256 70 35 1 121|35|121|104 0|256|128|12|256|1024|128|0|0|0|3251|1395 ParkingGarage-4Story-Gray-70x35
256 70 35 1 121|35|121|103 0|256|128|12|256|1024|128|0|0|0|3251|1395 ParkingGarage-4Story-Red-70x35
256 70 35 1 90|35|90|87 5|256|128|10|256|256|128|0|0|0|3251|1395 T90-Terminal,Large-70x35
256 70 35 1 96|35|96|90 7|256|128|3|256|256|128|0|0|0|3251|1395 T96-Terminal,Large-Hangar-70x35
256 70 35 1 102|35|102|93 7|256|128|3|256|256|128|0|0|0|3251|1395 T102-Terminal,Large-Hangar-70x35
256 70 35 1 108|35|108|96 5|256|128|5|256|256|128|0|0|0|3251|1395 T108-Terminal,Large-70x35
256 70 35 1 115|35|115|99 7|256|128|3|256|256|128|0|0|0|3251|1395 T115-Terminal,Large-Hangar-70x35
256 70 35 1 121|35|121|102 10|256|128|5|256|256|128|0|0|0|3251|1395 T121-Terminal,Large-Hangar-70x35
256 70 35 1 88|35|88|86 5|256|128|10|256|256|128|0|0|0|3251|1395 T88-Terminal,Medium-70x35
256 70 35 1 94|35|94|89 7|256|128|3|256|256|128|0|0|0|3251|1395 T94-Terminal,Medium-Hangar-70x35
256 70 35 1 100|35|100|92 7|256|128|3|256|256|128|0|0|0|3251|1395 T100-Terminal,Medium-Hangar-70x35
256 70 35 1 106|35|106|95 5|256|128|5|256|256|128|0|0|0|3251|1395 T106-Terminal,Medium-70x35
256 70 35 1 113|35|113|98 7|256|128|3|256|256|128|0|0|0|3251|1395 T113-Terminal,Medium-Hangar-70x35
256 70 35 1 121|35|121|102 10|256|128|5|256|256|128|0|0|0|3251|1395 T121-Terminal,Medium-Hangar-70x35
256 60 25 1 86|35|86|85 5|256|128|10|256|512|128|0|0|0|3251|1395 T86-Terminal,Small-60x25
256 70 35 1 92|35|92|88 3|256|128|3|256|256|128|0|0|0|3251|1395 T92-Terminal,Small-Hangar-70x35
256 70 35 1 98|35|98|91 3|256|128|2|256|256|128|0|0|0|3251|1395 T98-Terminal,Small-Hangar-70x35
256 70 35 1 104|35|104|94 5|256|128|10|256|512|128|0|0|0|3251|1395 T104-Terminal,Small-70x35
256 50 35 1 110|35|110|97 7|256|64|3|256|256|64|0|0|0|3251|1395 T110-Terminal,Small-Hangar-50x35
256 50 35 1 116|35|116|100 7|256|64|3|256|256|64|0|0|0|3251|1395 T116-Terminal,Small-Hangar-50x35
256 21 15 1 36|9|0|57 5|256|152|0|0|0|0|0|0|0|256|256 Warehouse-FlatRoof-21x15
256 22 16 1 35|9|0|57 5|256|256|0|0|0|0|0|0|0|256|256 Warehouse-FlatRoof-22x16
256 50 50 1 35|11|34|29 5|512|512|25|1280|640|1280|5|640|640|256|256 Warehouse-7Story-FlatRoof-50x50
